0 0.4266826923076923 0.4338942307692308 0.08173076923076923 0.23197115384615385
0 0.11177884615384616 0.4375 0.2127403846153846 0.23798076923076922
5 0.27884615384615385 0.4483173076923077 0.17548076923076922 0.21754807692307693
0 0.11177884615384616 0.07211538461538461 0.1045673076923077 0.14302884615384615
0 0.3137019230769231 0.12980769230769232 0.15865384615384615 0.10697115384615384
0 0.07932692307692307 0.2091346153846154 0.056490384615384616 0.07091346153846154
5 0.7788461538461539 0.08653846153846154 0.4411057692307692 0.171875
5 0.7572115384615384 0.40024038461538464 0.4110576923076923 0.31490384615384615
0 0.026442307692307692 0.6983173076923077 0.051682692307692304 0.08052884615384616
0 0.296875 0.796875 0.18028846153846154 0.09615384615384616
0 0.5625 0.7788461538461539 0.18509615384615385 0.43990384615384615