14 0.5096153846153846 0.9110576923076923 0.3004807692307692 0.1778846153846154
14 0.8377403846153846 0.9230769230769231 0.27283653846153844 0.15384615384615385
14 0.6814903846153846 0.71875 0.2608173076923077 0.3605769230769231
14 0.5120192307692307 0.7043269230769231 0.14783653846153846 0.15985576923076922
14 0.3545673076923077 0.7548076923076923 0.22956730769230768 0.23317307692307693
14 0.40384615384615385 0.6141826923076923 0.14783653846153846 0.15264423076923078
14 0.7776442307692307 0.5360576923076923 0.13701923076923078 0.13942307692307693
14 0.8894230769230769 0.49038461538461536 0.15625 0.13701923076923078
14 0.9591346153846154 0.6033653846153846 0.08173076923076923 0.12980769230769232
14 0.8040865384615384 0.4170673076923077 0.10817307692307693 0.0889423076923077
14 0.9411057692307693 0.3581730769230769 0.10336538461538461 0.06610576923076923
14 0.8990384615384616 0.29086538461538464 0.08774038461538461 0.0829326923076923
14 0.9723557692307693 0.26322115384615385 0.054086538461538464 0.09014423076923077
14 0.84375 0.36538461538461536 0.09975961538461539 0.09975961538461539
14 0.7091346153846154 0.4807692307692308 0.109375 0.0985576923076923
14 0.6682692307692307 0.37259615384615385 0.11057692307692307 0.07572115384615384
14 0.6009615384615384 0.47115384615384615 0.11778846153846154 0.08774038461538461
14 0.5805288461538461 0.5649038461538461 0.1045673076923077 0.0889423076923077
14 0.3473557692307692 0.48677884615384615 0.1502403846153846 0.15504807692307693
14 0.4651442307692308 0.44711538461538464 0.12259615384615384 0.09975961538461539
14 0.5552884615384616 0.4182692307692308 0.09014423076923077 0.06490384615384616
14 0.5192307692307693 0.3425480769230769 0.0829326923076923 0.0733173076923077
14 0.35336538461538464 0.37740384615384615 0.09975961538461539 0.055288461538461536
14 0.17908653846153846 0.375 0.10576923076923077 0.08533653846153846
14 0.20072115384615385 0.5252403846153846 0.14903846153846154 0.09254807692307693
14 0.06971153846153846 0.5637019230769231 0.13701923076923078 0.13822115384615385
14 0.11538461538461539 0.6923076923076923 0.1502403846153846 0.14182692307692307
14 0.21995192307692307 0.7548076923076923 0.09014423076923077 0.20432692307692307
14 0.1971153846153846 0.9326923076923077 0.30649038461538464 0.1346153846153846