14 0.1346153846153846 0.8870192307692307 0.07091346153846154 0.13822115384615385
14 0.1045673076923077 0.7788461538461539 0.08052884615384616 0.14543269230769232
14 0.1502403846153846 0.6646634615384616 0.0985576923076923 0.13701923076923078
14 0.23798076923076922 0.7283653846153846 0.09254807692307693 0.14302884615384615
14 0.18629807692307693 0.8149038461538461 0.0829326923076923 0.21754807692307693
14 0.30288461538461536 0.47836538461538464 0.06009615384615385 0.11899038461538461
14 0.35216346153846156 0.53125 0.05048076923076923 0.09254807692307693
14 0.5721153846153846 0.7379807692307693 0.12139423076923077 0.14302884615384615
14 0.41947115384615385 0.5817307692307693 0.11177884615384616 0.12259615384615384
14 0.33413461538461536 0.7235576923076923 0.1502403846153846 0.12980769230769232
14 0.21875 0.4362980769230769 0.046875 0.0889423076923077
14 0.21514423076923078 0.5204326923076923 0.039663461538461536 0.06850961538461539