14 0.5769230769230769 0.5877403846153846 0.17427884615384615 0.20673076923076922
14 0.7043269230769231 0.38100961538461536 0.17427884615384615 0.16466346153846154
14 0.9086538461538461 0.49158653846153844 0.18269230769230768 0.17067307692307693
14 0.9014423076923077 0.3112980769230769 0.1971153846153846 0.26322115384615385
14 0.7584134615384616 0.19591346153846154 0.1658653846153846 0.27884615384615385
14 0.49038461538461536 0.9350961538461539 0.1466346153846154 0.12860576923076922
14 0.9567307692307693 0.7992788461538461 0.08653846153846154 0.17548076923076922
14 0.6598557692307693 0.7139423076923077 0.23197115384615385 0.22115384615384615
14 0.8497596153846154 0.6237980769230769 0.16947115384615385 0.17548076923076922
14 0.9242788461538461 0.10576923076923077 0.1502403846153846 0.20072115384615385
14 0.7379807692307693 0.5252403846153846 0.1466346153846154 0.20673076923076922
14 0.6911057692307693 0.8990384615384616 0.16947115384615385 0.15985576923076922