14 0.5540865384615384 0.3016826923076923 0.234375 0.5985576923076923
14 0.7223557692307693 0.22115384615384615 0.15504807692307693 0.36177884615384615
14 0.8942307692307693 0.11538461538461539 0.21153846153846154 0.19230769230769232
14 0.8341346153846154 0.35096153846153844 0.22235576923076922 0.24519230769230768
14 0.9182692307692307 0.5048076923076923 0.16346153846153846 0.17307692307692307
14 0.8233173076923077 0.6598557692307693 0.17427884615384615 0.2536057692307692
14 0.9074519230769231 0.6646634615384616 0.18389423076923078 0.1971153846153846
14 0.41947115384615385 0.15625 0.16466346153846154 0.13701923076923078
14 0.27283653846153844 0.07932692307692307 0.32572115384615385 0.15384615384615385
14 0.08533653846153846 0.1201923076923077 0.16826923076923078 0.20552884615384615
14 0.6610576923076923 0.5673076923076923 0.20072115384615385 0.1875
14 0.7043269230769231 0.6923076923076923 0.1141826923076923 0.14302884615384615