4 0.3894230769230769 0.5108173076923077 0.08533653846153846 0.3918269230769231
4 0.8858173076923077 0.36538461538461536 0.2283653846153846 0.1346153846153846
4 0.8353365384615384 0.5949519230769231 0.09615384615384616 0.3557692307692308
4 0.7223557692307693 0.5793269230769231 0.08533653846153846 0.3870192307692308
4 0.5697115384615384 0.6105769230769231 0.0733173076923077 0.28365384615384615
4 0.5120192307692307 0.3786057692307692 0.27403846153846156 0.18028846153846154
4 0.30288461538461536 0.6418269230769231 0.0889423076923077 0.36538461538461536
4 0.171875 0.4074519230769231 0.296875 0.18509615384615385
4 0.1201923076923077 0.4891826923076923 0.23197115384615385 0.10336538461538461
4 0.14302884615384615 0.6057692307692307 0.06129807692307692 0.20072115384615385
4 0.22235576923076922 0.6081730769230769 0.057692307692307696 0.26802884615384615