14 0.5540865384615384 0.765625 0.22115384615384615 0.20192307692307693
14 0.5204326923076923 0.9326923076923077 0.33533653846153844 0.13341346153846154
14 0.33052884615384615 0.8221153846153846 0.25721153846153844 0.23798076923076922
14 0.1045673076923077 0.8966346153846154 0.20552884615384615 0.20673076923076922
14 0.10817307692307693 0.7199519230769231 0.16466346153846154 0.14302884615384615
14 0.06370192307692307 0.59375 0.125 0.1466346153846154
14 0.23557692307692307 0.5745192307692307 0.19951923076923078 0.28966346153846156
14 0.5084134615384616 0.5132211538461539 0.390625 0.3425480769230769
14 0.7379807692307693 0.5985576923076923 0.10576923076923077 0.09495192307692307
14 0.8581730769230769 0.6021634615384616 0.08774038461538461 0.10096153846153846
14 0.9435096153846154 0.7175480769230769 0.1045673076923077 0.11538461538461539
14 0.9519230769230769 0.7956730769230769 0.09615384615384616 0.10096153846153846
14 0.9242788461538461 0.578125 0.109375 0.0829326923076923
14 0.10216346153846154 0.4254807692307692 0.11778846153846154 0.09735576923076923
14 0.1141826923076923 0.5060096153846154 0.12259615384615384 0.0625
14 0.04567307692307692 0.37740384615384615 0.08774038461538461 0.07692307692307693
14 0.3605769230769231 0.4110576923076923 0.10576923076923077 0.07932692307692307
14 0.4266826923076923 0.4639423076923077 0.10336538461538461 0.07692307692307693
8 0.4675480769230769 0.16947115384615385 0.2824519230769231 0.3245192307692308
8 0.1201923076923077 0.3245192307692308 0.22355769230769232 0.3293269230769231