14 0.5540865384615384 0.15504807692307693 0.23557692307692307 0.21634615384615385
14 0.6310096153846154 0.36538461538461536 0.20432692307692307 0.23677884615384615
14 0.7776442307692307 0.09735576923076923 0.296875 0.16466346153846154
14 0.8798076923076923 0.27884615384615385 0.21634615384615385 0.17548076923076922
14 0.9375 0.43990384615384615 0.125 0.12980769230769232
14 0.9591346153846154 0.7115384615384616 0.08052884615384616 0.14423076923076922
14 0.8461538461538461 0.7548076923076923 0.1310096153846154 0.12860576923076922
14 0.8954326923076923 0.8942307692307693 0.18509615384615385 0.17067307692307693
14 0.15384615384615385 0.6754807692307693 0.1778846153846154 0.14423076923076922
14 0.07932692307692307 0.53125 0.1502403846153846 0.21634615384615385
14 0.19471153846153846 0.49278846153846156 0.17427884615384615 0.20072115384615385
14 0.0673076923076923 0.27884615384615385 0.12740384615384615 0.25721153846153844
14 0.24158653846153846 0.15504807692307693 0.15865384615384615 0.27884615384615385
14 0.4230769230769231 0.3449519230769231 0.2127403846153846 0.20673076923076922
8 0.35336538461538464 0.14182692307692307 0.09615384615384616 0.24278846153846154
8 0.5228365384615384 0.5180288461538461 0.14302884615384615 0.18028846153846154