14 0.3317307692307692 0.6286057692307693 0.06370192307692307 0.09735576923076923
14 0.6382211538461539 0.6790865384615384 0.08533653846153846 0.09975961538461539
14 0.6141826923076923 0.5673076923076923 0.06129807692307692 0.0733173076923077
14 0.4254807692307692 0.8004807692307693 0.06610576923076923 0.09975961538461539
14 0.3016826923076923 0.29447115384615385 0.03485576923076923 0.038461538461538464
14 0.08413461538461539 0.7283653846153846 0.09254807692307693 0.09134615384615384
14 0.24278846153846154 0.6634615384615384 0.07692307692307693 0.09495192307692307
14 0.26322115384615385 0.7151442307692307 0.06490384615384616 0.11298076923076923
14 0.31971153846153844 0.7848557692307693 0.06129807692307692 0.09615384615384616
14 0.5396634615384616 0.7692307692307693 0.06129807692307692 0.09014423076923077
14 0.5132211538461539 0.46153846153846156 0.026442307692307692 0.056490384615384616
14 0.1971153846153846 0.4326923076923077 0.052884615384615384 0.054086538461538464