8 0.4423076923076923 0.11298076923076923 0.06850961538461539 0.22355769230769232
8 0.7223557692307693 0.10336538461538461 0.040865384615384616 0.19951923076923078
14 0.3894230769230769 0.3088942307692308 0.24278846153846154 0.16346153846153846
14 0.4170673076923077 0.5060096153846154 0.34975961538461536 0.41346153846153844
14 0.4795673076923077 0.6322115384615384 0.27884615384615385 0.41346153846153844
14 0.6670673076923077 0.5961538461538461 0.18990384615384615 0.3870192307692308
14 0.7079326923076923 0.4639423076923077 0.234375 0.28365384615384615
14 0.7331730769230769 0.2932692307692308 0.234375 0.19831730769230768
14 0.1935096153846154 0.8425480769230769 0.2956730769230769 0.19831730769230768
14 0.8100961538461539 0.8052884615384616 0.28725961538461536 0.2824519230769231
14 0.9290865384615384 0.6598557692307693 0.14182692307692307 0.19831730769230768
14 0.8882211538461539 0.5661057692307693 0.14182692307692307 0.06971153846153846
14 0.8521634615384616 0.4855769230769231 0.12139423076923077 0.08413461538461539
14 0.9507211538461539 0.5192307692307693 0.0985576923076923 0.09735576923076923
14 0.11177884615384616 0.6971153846153846 0.2127403846153846 0.14783653846153846
14 0.19831730769230768 0.5997596153846154 0.15264423076923078 0.0673076923076923
14 0.04567307692307692 0.5841346153846154 0.08774038461538461 0.08774038461538461
14 0.1466346153846154 0.5384615384615384 0.09254807692307693 0.07692307692307693
14 0.12860576923076922 0.5084134615384616 0.10336538461538461 0.04927884615384615
14 0.04927884615384615 0.4519230769230769 0.08533653846153846 0.038461538461538464
14 0.14302884615384615 0.4254807692307692 0.09615384615384616 0.042067307692307696