10 0.4579326923076923 0.9423076923076923 0.1814903846153846 0.08173076923076923
10 0.5024038461538461 0.9591346153846154 0.16706730769230768 0.08173076923076923
10 0.6778846153846154 0.9122596153846154 0.21514423076923078 0.1201923076923077
10 0.6730769230769231 0.8257211538461539 0.15985576923076922 0.07692307692307693
10 0.8834134615384616 0.9038461538461539 0.23317307692307693 0.19110576923076922
10 0.5961538461538461 0.7704326923076923 0.23317307692307693 0.15264423076923078
10 0.10336538461538461 0.8257211538461539 0.19951923076923078 0.15264423076923078
10 0.22716346153846154 0.7403846153846154 0.12740384615384615 0.12620192307692307
10 0.19471153846153846 0.6286057692307693 0.1346153846153846 0.07692307692307693
10 0.453125 0.5408653846153846 0.1346153846153846 0.1201923076923077
10 0.6274038461538461 0.5168269230769231 0.1346153846153846 0.07091346153846154
10 0.8449519230769231 0.6971153846153846 0.14182692307692307 0.15865384615384615
10 0.5 0.6634615384615384 0.17067307692307693 0.07091346153846154
10 0.1658653846153846 0.5360576923076923 0.18509615384615385 0.07692307692307693