14 0.65625 0.21394230769230768 0.24759615384615385 0.2824519230769231
14 0.5084134615384616 0.44591346153846156 0.18389423076923078 0.18990384615384615
14 0.7367788461538461 0.42427884615384615 0.16105769230769232 0.11778846153846154
14 0.8966346153846154 0.40625 0.11177884615384616 0.14903846153846154
14 0.8629807692307693 0.5685096153846154 0.09735576923076923 0.0985576923076923
14 0.8076923076923077 0.5276442307692307 0.07692307692307693 0.0985576923076923
14 0.6838942307692307 0.5192307692307693 0.09975961538461539 0.09014423076923077
14 0.6971153846153846 0.6081730769230769 0.1141826923076923 0.109375
14 0.609375 0.5841346153846154 0.06971153846153846 0.0829326923076923
14 0.5072115384615384 0.6358173076923077 0.1201923076923077 0.1045673076923077
14 0.3954326923076923 0.5913461538461539 0.12139423076923077 0.11298076923076923
14 0.3245192307692308 0.46875 0.1875 0.16466346153846154
14 0.16105769230769232 0.40384615384615385 0.18870192307692307 0.12860576923076922
14 0.13822115384615385 0.5096153846153846 0.12379807692307693 0.11778846153846154
14 0.03485576923076923 0.484375 0.06129807692307692 0.10096153846153846
14 0.09375 0.5973557692307693 0.09615384615384616 0.0829326923076923
14 0.4387019230769231 0.7043269230769231 0.06610576923076923 0.04447115384615385
14 0.3629807692307692 0.6790865384615384 0.08533653846153846 0.051682692307692304
14 0.2283653846153846 0.6586538461538461 0.09014423076923077 0.07451923076923077
14 0.2824519230769231 0.6153846153846154 0.12980769230769232 0.07211538461538461
14 0.5132211538461539 0.7211538461538461 0.06610576923076923 0.04927884615384615
14 0.6538461538461539 0.6838942307692307 0.06009615384615385 0.046875
14 0.71875 0.6814903846153846 0.04567307692307692 0.03365384615384615
14 0.7884615384615384 0.6262019230769231 0.0889423076923077 0.07211538461538461