14 0.5504807692307693 0.7103365384615384 0.2608173076923077 0.578125
14 0.8377403846153846 0.3329326923076923 0.20673076923076922 0.21033653846153846
14 0.9182692307692307 0.5048076923076923 0.16346153846153846 0.16826923076923078
14 0.8497596153846154 0.6430288461538461 0.22235576923076922 0.19110576923076922
14 0.7175480769230769 0.7307692307692307 0.203125 0.41346153846153844
14 0.8834134615384616 0.8918269230769231 0.23197115384615385 0.21634615384615385
14 0.42427884615384615 0.8016826923076923 0.12980769230769232 0.1622596153846154
14 0.2704326923076923 0.9387019230769231 0.2920673076923077 0.11658653846153846
14 0.0829326923076923 0.859375 0.16346153846153846 0.17908653846153846
14 0.953125 0.3293269230769231 0.09254807692307693 0.15144230769230768
14 0.7055288461538461 0.27163461538461536 0.13341346153846154 0.07692307692307693
14 0.6766826923076923 0.4206730769230769 0.12980769230769232 0.1622596153846154