14 0.2644230769230769 0.6021634615384616 0.13822115384615385 0.13581730769230768
14 0.4206730769230769 0.5612980769230769 0.08413461538461539 0.12139423076923077
14 0.34615384615384615 0.7860576923076923 0.09735576923076923 0.15625
14 0.23918269230769232 0.8701923076923077 0.14302884615384615 0.15625
14 0.10697115384615384 0.7776442307692307 0.14423076923076922 0.15985576923076922
14 0.13221153846153846 0.6875 0.07451923076923077 0.11778846153846154
14 0.13701923076923078 0.5576923076923077 0.09375 0.1141826923076923
14 0.17908653846153846 0.4831730769230769 0.07572115384615384 0.13221153846153846
14 0.28125 0.36658653846153844 0.06971153846153846 0.07932692307692307
14 0.3954326923076923 0.3293269230769231 0.07572115384615384 0.09735576923076923
14 0.7451923076923077 0.8004807692307693 0.1502403846153846 0.19110576923076922
14 0.6262019230769231 0.6021634615384616 0.09615384615384616 0.12139423076923077
14 0.5240384615384616 0.7572115384615384 0.11538461538461539 0.20192307692307693
14 0.49278846153846156 0.8918269230769231 0.10096153846153846 0.13221153846153846
14 0.4879807692307692 0.4230769230769231 0.078125 0.09735576923076923