14 0.3004807692307692 0.40024038461538464 0.13341346153846154 0.12139423076923077
14 0.4230769230769231 0.49278846153846156 0.20673076923076922 0.13822115384615385
14 0.7728365384615384 0.25841346153846156 0.19951923076923078 0.1658653846153846
14 0.5420673076923077 0.27283653846153844 0.12980769230769232 0.15384615384615385
14 0.3894230769230769 0.1466346153846154 0.17307692307692307 0.18870192307692307
14 0.20192307692307693 0.25600961538461536 0.21033653846153846 0.1466346153846154
14 0.3137019230769231 0.22355769230769232 0.15985576923076922 0.1658653846153846
14 0.171875 0.4170673076923077 0.12379807692307693 0.12620192307692307
14 0.6514423076923077 0.47716346153846156 0.21634615384615385 0.14903846153846154
14 0.6286057692307693 0.578125 0.15625 0.10096153846153846
14 0.20793269230769232 0.5288461538461539 0.10336538461538461 0.08653846153846154