14 0.5612980769230769 0.8401442307692307 0.296875 0.21394230769230768
14 0.27403846153846156 0.578125 0.24759615384615385 0.125
14 0.07451923076923077 0.6177884615384616 0.14543269230769232 0.17067307692307693
14 0.08653846153846154 0.5288461538461539 0.15264423076923078 0.1466346153846154
14 0.17067307692307693 0.4483173076923077 0.17548076923076922 0.13581730769230768
14 0.2403846153846154 0.36177884615384615 0.13942307692307693 0.0889423076923077
14 0.4170673076923077 0.3425480769230769 0.13341346153846154 0.0829326923076923
14 0.4795673076923077 0.30408653846153844 0.10697115384615384 0.0673076923076923
14 0.5564903846153846 0.3762019230769231 0.12620192307692307 0.09735576923076923
14 0.5144230769230769 0.5132211538461539 0.2403846153846154 0.1814903846153846
14 0.75 0.578125 0.25841346153846156 0.12860576923076922
14 0.8004807692307693 0.46274038461538464 0.1622596153846154 0.09014423076923077
14 0.6983173076923077 0.3545673076923077 0.12139423076923077 0.07572115384615384
14 0.8305288461538461 0.33413461538461536 0.08413461538461539 0.04567307692307692
14 0.5685096153846154 0.8341346153846154 0.28125 0.21875