14 0.15985576923076922 0.07091346153846154 0.2956730769230769 0.13822115384615385
14 0.46274038461538464 0.0625 0.27283653846153844 0.1201923076923077
14 0.30649038461538464 0.25721153846153844 0.2764423076923077 0.3112980769230769
14 0.6502403846153846 0.21634615384615385 0.22355769230769232 0.23677884615384615
14 0.8581730769230769 0.3112980769230769 0.14783653846153846 0.15865384615384615
14 0.9254807692307693 0.41947115384615385 0.14543269230769232 0.125
14 0.734375 0.4026442307692308 0.11778846153846154 0.06971153846153846
14 0.7908653846153846 0.46033653846153844 0.14543269230769232 0.0889423076923077
14 0.5853365384615384 0.41466346153846156 0.1622596153846154 0.13942307692307693
14 0.5108173076923077 0.28966346153846156 0.14302884615384615 0.22355769230769232
14 0.6586538461538461 0.5012019230769231 0.12980769230769232 0.15745192307692307
14 0.8088942307692307 0.5877403846153846 0.09495192307692307 0.09975961538461539
14 0.7235576923076923 0.5853365384615384 0.08774038461538461 0.052884615384615384
14 0.6502403846153846 0.6237980769230769 0.06850961538461539 0.06009615384615385
14 0.5384615384615384 0.5637019230769231 0.11057692307692307 0.07451923076923077
14 0.5697115384615384 0.6225961538461539 0.07692307692307693 0.07572115384615384
14 0.4182692307692308 0.5048076923076923 0.12139423076923077 0.09254807692307693
14 0.4338942307692308 0.5997596153846154 0.10336538461538461 0.08413461538461539
14 0.4855769230769231 0.6610576923076923 0.08653846153846154 0.04927884615384615
14 0.3557692307692308 0.6177884615384616 0.1045673076923077 0.078125
14 0.30408653846153844 0.5372596153846154 0.10216346153846154 0.08774038461538461
14 0.22716346153846154 0.4651442307692308 0.15865384615384615 0.15504807692307693
14 0.09735576923076923 0.48677884615384615 0.15865384615384615 0.16346153846153846
14 0.1935096153846154 0.5757211538461539 0.11778846153846154 0.0889423076923077
14 0.16826923076923078 0.6454326923076923 0.11298076923076923 0.0985576923076923
14 0.06129807692307692 0.6418269230769231 0.11057692307692307 0.07572115384615384
14 0.05889423076923077 0.5709134615384616 0.09495192307692307 0.07932692307692307
14 0.10096153846153846 0.7103365384615384 0.09375 0.078125
14 0.03365384615384615 0.7283653846153846 0.051682692307692304 0.09375
14 0.3317307692307692 0.7704326923076923 0.06370192307692307 0.07091346153846154
14 0.25721153846153844 0.7548076923076923 0.06610576923076923 0.0625