14 0.15144230769230768 0.9290865384615384 0.2920673076923077 0.14182692307692307
14 0.09014423076923077 0.7920673076923077 0.16826923076923078 0.2704326923076923
14 0.30288461538461536 0.7127403846153846 0.23317307692307693 0.3329326923076923
14 0.4543269230769231 0.9134615384615384 0.29086538461538464 0.17307692307692307
14 0.6502403846153846 0.7704326923076923 0.20072115384615385 0.31009615384615385
14 0.7307692307692307 0.9555288461538461 0.2403846153846154 0.0889423076923077
14 0.48197115384615385 0.6935096153846154 0.1658653846153846 0.20673076923076922
14 0.09975961538461539 0.5036057692307693 0.16947115384615385 0.14182692307692307
14 0.22716346153846154 0.53125 0.15745192307692307 0.18389423076923078
14 0.39302884615384615 0.5072115384615384 0.11298076923076923 0.13221153846153846
14 0.5925480769230769 0.578125 0.14423076923076922 0.13341346153846154
14 0.6550480769230769 0.48677884615384615 0.1502403846153846 0.15865384615384615
14 0.7199519230769231 0.6021634615384616 0.11538461538461539 0.10817307692307693
14 0.7872596153846154 0.5252403846153846 0.11778846153846154 0.10817307692307693
14 0.8605769230769231 0.6802884615384616 0.15625 0.20432692307692307
14 0.9314903846153846 0.5949519230769231 0.13701923076923078 0.16706730769230768
14 0.8149038461538461 0.39783653846153844 0.09254807692307693 0.0985576923076923
14 0.7223557692307693 0.4026442307692308 0.09615384615384616 0.0985576923076923
14 0.6526442307692307 0.36538461538461536 0.07692307692307693 0.07451923076923077
14 0.5733173076923077 0.36538461538461536 0.12259615384615384 0.07091346153846154
14 0.5408653846153846 0.4362980769230769 0.10697115384615384 0.10576923076923077
14 0.4579326923076923 0.41947115384615385 0.11057692307692307 0.09014423076923077
14 0.359375 0.37740384615384615 0.10336538461538461 0.052884615384615384
14 0.30408653846153844 0.453125 0.10697115384615384 0.078125
14 0.19831730769230768 0.42427884615384615 0.109375 0.0985576923076923
14 0.056490384615384616 0.3581730769230769 0.10216346153846154 0.07451923076923077
14 0.09375 0.27403846153846156 0.08173076923076923 0.07932692307692307
14 0.3269230769230769 0.28846153846153844 0.07692307692307693 0.05048076923076923
14 0.390625 0.27884615384615385 0.07572115384615384 0.04326923076923077
14 0.4639423076923077 0.2980769230769231 0.08052884615384616 0.055288461538461536
14 0.4735576923076923 0.3449519230769231 0.07451923076923077 0.0625