8 0.2860576923076923 0.10576923076923077 0.06971153846153846 0.20072115384615385
8 0.5612980769230769 0.10336538461538461 0.0889423076923077 0.19591346153846154
14 0.6237980769230769 0.32211538461538464 0.23557692307692307 0.21153846153846154
14 0.5865384615384616 0.484375 0.3557692307692308 0.3605769230769231
14 0.49399038461538464 0.6286057692307693 0.2704326923076923 0.3605769230769231
14 0.31850961538461536 0.5853365384615384 0.1814903846153846 0.3449519230769231
14 0.2668269230769231 0.49278846153846156 0.20793269230769232 0.23197115384615385
14 0.3161057692307692 0.36538461538461536 0.21634615384615385 0.11298076923076923
14 0.2668269230769231 0.28365384615384615 0.2548076923076923 0.17548076923076922
14 0.20793269230769232 0.796875 0.3088942307692308 0.2932692307692308
14 0.8305288461538461 0.8401442307692307 0.2620192307692308 0.21634615384615385
14 0.9074519230769231 0.6850961538461539 0.18509615384615385 0.17548076923076922
14 0.06610576923076923 0.6778846153846154 0.12379807692307693 0.24278846153846154
14 0.9074519230769231 0.484375 0.18509615384615385 0.20673076923076922