14 0.35697115384615385 0.6322115384615384 0.13341346153846154 0.16947115384615385
14 0.4495192307692308 0.4795673076923077 0.11057692307692307 0.08653846153846154
14 0.4735576923076923 0.5949519230769231 0.09615384615384616 0.13822115384615385
14 0.45552884615384615 0.7668269230769231 0.15144230769230768 0.17548076923076922
14 0.5889423076923077 0.7596153846153846 0.14543269230769232 0.18389423076923078
14 0.7055288461538461 0.734375 0.125 0.15625
14 0.6814903846153846 0.9050480769230769 0.15745192307692307 0.18870192307692307
14 0.8834134615384616 0.5805288461538461 0.09375 0.10817307692307693
14 0.6514423076923077 0.3401442307692308 0.07572115384615384 0.06129807692307692
14 0.6358173076923077 0.28365384615384615 0.055288461538461536 0.046875
14 0.7524038461538461 0.38822115384615385 0.08653846153846154 0.07451923076923077
14 0.6778846153846154 0.5853365384615384 0.11538461538461539 0.12740384615384615
14 0.5733173076923077 0.5564903846153846 0.11658653846153846 0.13221153846153846
14 0.5360576923076923 0.6526442307692307 0.0985576923076923 0.08653846153846154