14 0.0889423076923077 0.039663461538461536 0.07451923076923077 0.07692307692307693
14 0.1141826923076923 0.109375 0.08052884615384616 0.05048076923076923
14 0.24879807692307693 0.078125 0.06850961538461539 0.0985576923076923
14 0.2860576923076923 0.15384615384615385 0.09975961538461539 0.08413461538461539
14 0.29927884615384615 0.026442307692307692 0.09375 0.042067307692307696
14 0.4110576923076923 0.03245192307692308 0.07692307692307693 0.04927884615384615
14 0.4831730769230769 0.09615384615384616 0.12379807692307693 0.125
14 0.5865384615384616 0.06129807692307692 0.09615384615384616 0.11298076923076923
14 0.6694711538461539 0.19230769230769232 0.07451923076923077 0.10216346153846154
14 0.7139423076923077 0.1045673076923077 0.08774038461538461 0.08533653846153846
14 0.7524038461538461 0.2283653846153846 0.039663461538461536 0.10096153846153846
14 0.796875 0.23798076923076922 0.09134615384615384 0.08413461538461539
14 0.8858173076923077 0.2091346153846154 0.0673076923076923 0.0829326923076923
14 0.8137019230769231 0.13701923076923078 0.0985576923076923 0.078125
14 0.7439903846153846 0.03485576923076923 0.11538461538461539 0.0673076923076923
14 0.8389423076923077 0.04326923076923077 0.11057692307692307 0.08413461538461539
14 0.921875 0.03125 0.08653846153846154 0.06009615384615385
14 0.9110576923076923 0.1045673076923077 0.08173076923076923 0.09254807692307693
14 0.9699519230769231 0.15985576923076922 0.056490384615384616 0.06009615384615385
14 0.9362980769230769 0.29447115384615385 0.052884615384615384 0.04326923076923077
14 0.875 0.31971153846153844 0.07091346153846154 0.04326923076923077
14 0.8329326923076923 0.37259615384615385 0.04807692307692308 0.040865384615384616
14 0.7728365384615384 0.390625 0.0625 0.07091346153846154
14 0.7295673076923077 0.3858173076923077 0.05048076923076923 0.04927884615384615
14 0.6466346153846154 0.3293269230769231 0.07451923076923077 0.07211538461538461
14 0.5877403846153846 0.3329326923076923 0.09254807692307693 0.0625
14 0.6286057692307693 0.37740384615384615 0.07692307692307693 0.052884615384615384
14 0.5685096153846154 0.3918269230769231 0.06610576923076923 0.046875
14 0.4543269230769231 0.2956730769230769 0.0985576923076923 0.0889423076923077
14 0.48677884615384615 0.3485576923076923 0.0985576923076923 0.046875
14 0.35697115384615385 0.29086538461538464 0.06129807692307692 0.0625
14 0.3762019230769231 0.3449519230769231 0.0673076923076923 0.026442307692307692
14 0.4795673076923077 0.42908653846153844 0.15144230769230768 0.1141826923076923
14 0.6550480769230769 0.4831730769230769 0.18509615384615385 0.078125
14 0.16346153846153846 0.2536057692307692 0.057692307692307696 0.06129807692307692
14 0.22355769230769232 0.2548076923076923 0.08413461538461539 0.078125
14 0.08533653846153846 0.28125 0.140625 0.13341346153846154
14 0.9026442307692307 0.43509615384615385 0.10697115384615384 0.125