14 0.5757211538461539 0.8509615384615384 0.6225961538461539 0.296875
14 0.1502403846153846 0.8509615384615384 0.2956730769230769 0.296875
14 0.9387019230769231 0.8353365384615384 0.12259615384615384 0.3293269230769231
14 0.8545673076923077 0.6526442307692307 0.29086538461538464 0.25240384615384615
14 0.5721153846153846 0.5528846153846154 0.3894230769230769 0.2439903846153846
14 0.31490384615384615 0.49399038461538464 0.25841346153846156 0.3449519230769231
14 0.25721153846153844 0.7223557692307693 0.3233173076923077 0.2283653846153846
14 0.08173076923076923 0.3858173076923077 0.15625 0.12740384615384615
14 0.4639423076923077 0.4182692307692308 0.14423076923076922 0.1466346153846154
14 0.5961538461538461 0.375 0.1502403846153846 0.1502403846153846
14 0.8846153846153846 0.43149038461538464 0.23076923076923078 0.23076923076923078
14 0.7908653846153846 0.2764423076923077 0.09735576923076923 0.09134615384615384
14 0.6286057692307693 0.25961538461538464 0.125 0.10817307692307693
14 0.6009615384615384 0.1971153846153846 0.1141826923076923 0.03365384615384615
14 0.4807692307692308 0.3016826923076923 0.12259615384615384 0.07451923076923077
14 0.10216346153846154 0.30288461538461536 0.14182692307692307 0.04447115384615385