14 0.13942307692307693 0.35697115384615385 0.18629807692307693 0.21153846153846154
14 0.6550480769230769 0.3641826923076923 0.13701923076923078 0.21634615384615385
14 0.7271634615384616 0.5096153846153846 0.11298076923076923 0.13581730769230768
14 0.6478365384615384 0.640625 0.12379807692307693 0.19591346153846154
14 0.21153846153846154 0.7884615384615384 0.14302884615384615 0.19110576923076922
14 0.10817307692307693 0.7944711538461539 0.12980769230769232 0.1502403846153846
14 0.06610576923076923 0.5252403846153846 0.12620192307692307 0.17548076923076922
14 0.3449519230769231 0.07572115384615384 0.16346153846153846 0.140625
14 0.6802884615384616 0.1658653846153846 0.16706730769230768 0.20072115384615385
14 0.5348557692307693 0.23317307692307693 0.13701923076923078 0.21634615384615385
14 0.8317307692307693 0.35216346153846156 0.11057692307692307 0.16105769230769232
14 0.7512019230769231 0.796875 0.07692307692307693 0.11538461538461539
14 0.6911057692307693 0.9266826923076923 0.11057692307692307 0.13581730769230768