14 0.3870192307692308 0.8509615384615384 0.5997596153846154 0.296875
14 0.7007211538461539 0.734375 0.2692307692307692 0.23557692307692307
14 0.8449519230769231 0.8497596153846154 0.31009615384615385 0.3004807692307692
14 0.08052884615384616 0.8389423076923077 0.15264423076923078 0.32211538461538464
14 0.14903846153846154 0.6682692307692307 0.2932692307692308 0.30288461538461536
14 0.43149038461538464 0.5733173076923077 0.3329326923076923 0.2860576923076923
14 0.6838942307692307 0.4987980769230769 0.2704326923076923 0.33052884615384615
14 0.5384615384615384 0.4182692307692308 0.14423076923076922 0.18028846153846154
14 0.4338942307692308 0.390625 0.17548076923076922 0.14182692307692307
14 0.1310096153846154 0.421875 0.22956730769230768 0.19471153846153846
14 0.19951923076923078 0.26802884615384615 0.1045673076923077 0.08653846153846154
14 0.37259615384615385 0.26802884615384615 0.12860576923076922 0.10817307692307693
14 0.6911057692307693 0.2824519230769231 0.09975961538461539 0.09134615384615384
14 0.9194711538461539 0.3762019230769231 0.15985576923076922 0.1141826923076923
14 0.9314903846153846 0.5817307692307693 0.13701923076923078 0.16826923076923078
14 0.6622596153846154 0.23918269230769232 0.12139423076923077 0.06129807692307692
14 0.8990384615384616 0.3004807692307692 0.11899038461538461 0.0889423076923077
14 0.07451923076923077 0.2824519230769231 0.1310096153846154 0.1310096153846154