10 0.8112980769230769 0.7487980769230769 0.27163461538461536 0.1201923076923077
10 0.9194711538461539 0.6730769230769231 0.15985576923076922 0.08413461538461539
10 0.9326923076923077 0.5925480769230769 0.1346153846153846 0.10336538461538461
10 0.8173076923076923 0.5625 0.0889423076923077 0.1201923076923077
10 0.6995192307692307 0.6045673076923077 0.07572115384615384 0.0625
10 0.7379807692307693 0.5600961538461539 0.04447115384615385 0.0625
10 0.8930288461538461 0.5048076923076923 0.15985576923076922 0.1466346153846154
10 0.8689903846153846 0.41346153846153844 0.15504807692307693 0.052884615384615384
10 0.7908653846153846 0.3269230769230769 0.10697115384615384 0.10216346153846154
10 0.7223557692307693 0.5 0.1466346153846154 0.04927884615384615
10 0.5889423076923077 0.546875 0.1466346153846154 0.0625
10 0.47115384615384615 0.5600961538461539 0.052884615384615384 0.0625
10 0.42908653846153844 0.7596153846153846 0.16466346153846154 0.15985576923076922
10 0.2848557692307692 0.6670673076923077 0.31971153846153844 0.13341346153846154
10 0.06610576923076923 0.6394230769230769 0.10697115384615384 0.15985576923076922
10 0.04447115384615385 0.8245192307692307 0.08052884615384616 0.2536057692307692
10 0.37740384615384615 0.5492788461538461 0.13341346153846154 0.10216346153846154
10 0.15985576923076922 0.5360576923076923 0.15985576923076922 0.08413461538461539
10 0.042067307692307696 0.5372596153846154 0.04927884615384615 0.052884615384615384
10 0.5973557692307693 0.051682692307692304 0.10216346153846154 0.09375
10 0.7175480769230769 0.09615384615384616 0.13822115384615385 0.06610576923076923
10 0.6598557692307693 0.13581730769230768 0.11057692307692307 0.06610576923076923
10 0.5997596153846154 0.18269230769230768 0.10697115384615384 0.052884615384615384
10 0.7223557692307693 0.2091346153846154 0.1466346153846154 0.08052884615384616
10 0.8822115384615384 0.1466346153846154 0.12860576923076922 0.13341346153846154
10 0.8269230769230769 0.2439903846153846 0.13341346153846154 0.0625
10 0.7536057692307693 0.036057692307692304 0.08413461538461539 0.0625
10 0.9110576923076923 0.028846153846153848 0.1778846153846154 0.04927884615384615
10 0.3737980769230769 0.125 0.13341346153846154 0.036057692307692304
10 0.41586538461538464 0.15985576923076922 0.1201923076923077 0.04447115384615385
10 0.23076923076923078 0.10697115384615384 0.11538461538461539 0.0625
10 0.27524038461538464 0.15745192307692307 0.10697115384615384 0.039663461538461536
10 0.3269230769230769 0.19110576923076922 0.09375 0.04447115384615385
10 0.2283653846153846 0.18870192307692307 0.1201923076923077 0.039663461538461536
10 0.04927884615384615 0.18269230769230768 0.0889423076923077 0.07091346153846154
10 0.06610576923076923 0.10697115384615384 0.10697115384615384 0.07091346153846154
10 0.109375 0.23076923076923078 0.07572115384615384 0.04447115384615385
10 0.23798076923076922 0.24879807692307693 0.08413461538461539 0.04447115384615385
10 0.3269230769230769 0.2536057692307692 0.11057692307692307 0.052884615384615384
10 0.4483173076923077 0.23076923076923078 0.07091346153846154 0.04447115384615385