14 0.18629807692307693 0.34375 0.1466346153846154 0.15625
14 0.14543269230769232 0.6201923076923077 0.16346153846153846 0.19591346153846154
14 0.6286057692307693 0.6382211538461539 0.15625 0.1814903846153846
14 0.7271634615384616 0.49278846153846156 0.1201923076923077 0.20072115384615385
14 0.6502403846153846 0.37740384615384615 0.12620192307692307 0.19110576923076922
14 0.6754807692307693 0.26322115384615385 0.09014423076923077 0.14543269230769232
14 0.8245192307692307 0.4699519230769231 0.11658653846153846 0.17548076923076922
14 0.8401442307692307 0.6286057692307693 0.11298076923076923 0.17067307692307693
14 0.6766826923076923 0.8185096153846154 0.11298076923076923 0.19110576923076922
14 0.5420673076923077 0.7367788461538461 0.1502403846153846 0.19591346153846154
14 0.21153846153846154 0.20072115384615385 0.13701923076923078 0.17067307692307693