8 0.2776442307692308 0.8990384615384616 0.054086538461538464 0.20072115384615385
8 0.5444711538461539 0.8834134615384616 0.06971153846153846 0.23317307692307693
14 0.27403846153846156 0.6826923076923077 0.22355769230769232 0.21153846153846154
14 0.26802884615384615 0.5228365384615384 0.2127403846153846 0.28365384615384615
14 0.2956730769230769 0.41225961538461536 0.1658653846153846 0.3605769230769231
14 0.46875 0.3605769230769231 0.23557692307692307 0.41225961538461536
14 0.5757211538461539 0.4795673076923077 0.3161057692307692 0.4326923076923077
14 0.5829326923076923 0.6490384615384616 0.2776442307692308 0.22716346153846154
14 0.18389423076923078 0.18509615384615385 0.3125 0.29927884615384615
14 0.7740384615384616 0.13942307692307693 0.2512019230769231 0.18509615384615385
14 0.8786057692307693 0.2860576923076923 0.1502403846153846 0.15985576923076922
14 0.9423076923076923 0.39903846153846156 0.11538461538461539 0.08774038461538461
14 0.8605769230769231 0.5132211538461539 0.22355769230769232 0.17067307692307693
14 0.0673076923076923 0.38461538461538464 0.12740384615384615 0.13942307692307693