14 0.1622596153846154 0.3786057692307692 0.1466346153846154 0.11899038461538461
14 0.12740384615384615 0.5072115384615384 0.13942307692307693 0.17067307692307693
14 0.12139423076923077 0.7091346153846154 0.1971153846153846 0.28365384615384615
14 0.29927884615384615 0.6129807692307693 0.2127403846153846 0.21634615384615385
14 0.41466346153846156 0.36538461538461536 0.18870192307692307 0.17548076923076922
14 0.3629807692307692 0.28365384615384615 0.1778846153846154 0.1346153846153846
14 0.515625 0.08774038461538461 0.12740384615384615 0.16466346153846154
14 0.4206730769230769 0.054086538461538464 0.10817307692307693 0.09735576923076923
14 0.051682692307692304 0.20072115384615385 0.09615384615384616 0.20673076923076922
14 0.08052884615384616 0.8810096153846154 0.15384615384615385 0.17548076923076922
14 0.19110576923076922 0.9302884615384616 0.1814903846153846 0.13942307692307693
14 0.2620192307692308 0.8112980769230769 0.1935096153846154 0.22115384615384615