10 0.32211538461538464 0.09375 0.08774038461538461 0.054086538461538464
10 0.39663461538461536 0.3786057692307692 0.06850961538461539 0.11899038461538461
10 0.765625 0.06129807692307692 0.06971153846153846 0.08173076923076923
10 0.9206730769230769 0.13822115384615385 0.036057692307692304 0.09735576923076923
10 0.9783653846153846 0.3701923076923077 0.042067307692307696 0.1310096153846154
10 0.9711538461538461 0.5528846153846154 0.04567307692307692 0.07692307692307693
10 0.9086538461538461 0.7980769230769231 0.08173076923076923 0.12860576923076922
10 0.9783653846153846 0.8569711538461539 0.04326923076923077 0.14423076923076922
10 0.8545673076923077 0.8966346153846154 0.056490384615384616 0.1310096153846154
10 0.8485576923076923 0.5661057692307693 0.06129807692307692 0.1141826923076923
10 0.8197115384615384 0.6033653846153846 0.055288461538461536 0.06850961538461539
10 0.8293269230769231 0.6850961538461539 0.03245192307692308 0.05889423076923077
10 0.71875 0.6598557692307693 0.04927884615384615 0.04326923076923077
10 0.703125 0.7620192307692307 0.030048076923076924 0.07692307692307693
10 0.7283653846153846 0.7475961538461539 0.021634615384615384 0.06610576923076923
10 0.7536057692307693 0.8004807692307693 0.03485576923076923 0.1141826923076923
10 0.7884615384615384 0.9447115384615384 0.04807692307692308 0.11057692307692307
10 0.6682692307692307 0.9567307692307693 0.07091346153846154 0.08533653846153846
10 0.6490384615384616 0.8076923076923077 0.040865384615384616 0.051682692307692304
10 0.6310096153846154 0.7199519230769231 0.037259615384615384 0.0733173076923077
10 0.5949519230769231 0.8341346153846154 0.046875 0.06009615384615385
10 0.5384615384615384 0.9567307692307693 0.04927884615384615 0.06490384615384616
10 0.5576923076923077 0.5444711538461539 0.0625 0.06009615384615385
10 0.078125 0.24278846153846154 0.030048076923076924 0.07692307692307693
10 0.17908653846153846 0.3762019230769231 0.07451923076923077 0.06850961538461539
10 0.09134615384615384 0.41225961538461536 0.03125 0.05889423076923077
10 0.03365384615384615 0.44350961538461536 0.05889423076923077 0.13341346153846154
10 0.020432692307692308 0.6526442307692307 0.02403846153846154 0.1310096153846154
10 0.13581730769230768 0.6129807692307693 0.06610576923076923 0.056490384615384616
10 0.2932692307692308 0.5564903846153846 0.040865384615384616 0.08774038461538461
10 0.32211538461538464 0.6165865384615384 0.051682692307692304 0.05889423076923077
10 0.4014423076923077 0.7091346153846154 0.057692307692307696 0.056490384615384616
10 0.30288461538461536 0.7079326923076923 0.0673076923076923 0.0829326923076923
10 0.2800480769230769 0.7692307692307693 0.03245192307692308 0.10817307692307693
10 0.3581730769230769 0.8461538461538461 0.03245192307692308 0.054086538461538464
10 0.1201923076923077 0.7536057692307693 0.03485576923076923 0.11057692307692307
10 0.1466346153846154 0.7644230769230769 0.036057692307692304 0.04567307692307692
10 0.18629807692307693 0.7620192307692307 0.056490384615384616 0.056490384615384616
10 0.19951923076923078 0.6574519230769231 0.028846153846153848 0.06850961538461539
10 0.19230769230769232 0.5865384615384616 0.07091346153846154 0.07692307692307693
10 0.027644230769230768 0.8317307692307693 0.027644230769230768 0.054086538461538464
10 0.11057692307692307 0.8786057692307693 0.052884615384615384 0.0829326923076923
10 0.1778846153846154 0.8725961538461539 0.08774038461538461 0.09975961538461539
10 0.2403846153846154 0.9230769230769231 0.09134615384615384 0.15384615384615385
10 0.32211538461538464 0.9230769230769231 0.07211538461538461 0.15384615384615385
10 0.15625 0.9783653846153846 0.07211538461538461 0.04326923076923077