14 0.7415865384615384 0.6262019230769231 0.24759615384615385 0.23197115384615385
14 0.5024038461538461 0.09254807692307693 0.1310096153846154 0.15504807692307693
14 0.5961538461538461 0.38461538461538464 0.2127403846153846 0.21153846153846154
14 0.8557692307692307 0.3762019230769231 0.09615384615384616 0.1346153846153846
14 0.8894230769230769 0.47716346153846156 0.21995192307692307 0.23197115384615385
14 0.8894230769230769 0.6959134615384616 0.21995192307692307 0.25721153846153844
14 0.7572115384615384 0.8173076923076923 0.1935096153846154 0.23197115384615385
14 0.8557692307692307 0.9278846153846154 0.1658653846153846 0.14423076923076922
14 0.9338942307692307 0.8894230769230769 0.1310096153846154 0.22115384615384615
14 0.6838942307692307 0.07211538461538461 0.13942307692307693 0.1346153846153846
14 0.5805288461538461 0.040865384615384616 0.1346153846153846 0.07211538461538461
14 0.6442307692307693 0.3016826923076923 0.1935096153846154 0.18028846153846154
14 0.9519230769230769 0.203125 0.09615384615384616 0.22115384615384615