8 0.29086538461538464 0.10576923076923077 0.07692307692307693 0.19831730769230768
8 0.5552884615384616 0.109375 0.08413461538461539 0.21394230769230768
14 0.26802884615384615 0.25600961538461536 0.20432692307692307 0.14783653846153846
14 0.2824519230769231 0.38100961538461536 0.23918269230769232 0.109375
14 0.28966346153846156 0.4579326923076923 0.23798076923076922 0.13581730769230768
14 0.3173076923076923 0.5865384615384616 0.1814903846153846 0.28365384615384615
14 0.49278846153846156 0.6370192307692307 0.26322115384615385 0.34615384615384615
14 0.5889423076923077 0.49399038461538464 0.3545673076923077 0.4050480769230769
14 0.6081730769230769 0.31850961538461536 0.21033653846153846 0.21634615384615385
14 0.19951923076923078 0.8028846153846154 0.2824519230769231 0.2980769230769231
14 0.8173076923076923 0.84375 0.23076923076923078 0.23076923076923078
14 0.9074519230769231 0.6899038461538461 0.17307692307692307 0.17548076923076922
14 0.8149038461538461 0.5997596153846154 0.1466346153846154 0.08653846153846154
14 0.7439903846153846 0.5240384615384616 0.11298076923076923 0.09495192307692307
14 0.8401442307692307 0.5324519230769231 0.10697115384615384 0.10096153846153846
14 0.8786057692307693 0.49399038461538464 0.07932692307692307 0.07932692307692307
14 0.9326923076923077 0.5745192307692307 0.1346153846153846 0.13942307692307693
14 0.9098557692307693 0.4483173076923077 0.15985576923076922 0.07451923076923077
14 0.07211538461538461 0.6586538461538461 0.14182692307692307 0.16346153846153846
14 0.09735576923076923 0.5649038461538461 0.140625 0.07932692307692307
14 0.040865384615384616 0.5096153846153846 0.07692307692307693 0.07091346153846154
14 0.15504807692307693 0.4879807692307692 0.11538461538461539 0.052884615384615384