14 0.4387019230769231 0.7103365384615384 0.27283653846153844 0.578125
14 0.5949519230769231 0.7932692307692307 0.09495192307692307 0.1971153846153846
14 0.7391826923076923 0.9411057692307693 0.3125 0.11658653846153846
14 0.8978365384615384 0.8701923076923077 0.203125 0.25961538461538464
14 0.08774038461538461 0.34375 0.1502403846153846 0.18509615384615385
14 0.14903846153846154 0.34134615384615385 0.18269230769230768 0.21634615384615385
14 0.29447115384615385 0.27163461538461536 0.11057692307692307 0.13341346153846154
14 0.33774038461538464 0.41346153846153844 0.17427884615384615 0.1875
14 0.07211538461538461 0.49399038461538464 0.140625 0.15144230769230768
14 0.14302884615384615 0.6237980769230769 0.1971153846153846 0.16466346153846154
14 0.26322115384615385 0.7451923076923077 0.203125 0.42427884615384615
14 0.1045673076923077 0.8894230769230769 0.2091346153846154 0.22115384615384615