10 0.30408653846153844 0.9266826923076923 0.20673076923076922 0.13701923076923078
10 0.3088942307692308 0.8329326923076923 0.21875 0.09254807692307693
10 0.5324519230769231 0.9399038461538461 0.21514423076923078 0.1201923076923077
10 0.4723557692307692 0.953125 0.21033653846153846 0.09254807692307693
10 0.10336538461538461 0.8930288461538461 0.19951923076923078 0.19110576923076922
10 0.5456730769230769 0.5384615384615384 0.14543269230769232 0.1141826923076923
10 0.36899038461538464 0.5108173076923077 0.14903846153846154 0.09254807692307693
10 0.25600961538461536 0.5216346153846154 0.07692307692307693 0.08173076923076923
10 0.49399038461538464 0.6694711538461539 0.1814903846153846 0.07091346153846154
10 0.47836538461538464 0.7079326923076923 0.16346153846153846 0.09254807692307693
10 0.7776442307692307 0.7211538461538461 0.17427884615384615 0.1201923076923077
10 0.7740384615384616 0.6225961538461539 0.14543269230769232 0.08774038461538461
10 0.8341346153846154 0.5240384615384616 0.15625 0.07692307692307693