14 0.15865384615384615 0.18629807692307693 0.3088942307692308 0.24759615384615385
14 0.35336538461538464 0.19951923076923078 0.2824519230769231 0.26322115384615385
14 0.15625 0.3737980769230769 0.30528846153846156 0.14783653846153846
14 0.08173076923076923 0.5240384615384616 0.109375 0.17427884615384615
14 0.25600961538461536 0.48197115384615385 0.21875 0.20552884615384615
14 0.22115384615384615 0.5685096153846154 0.1622596153846154 0.10576923076923077
14 0.35697115384615385 0.5793269230769231 0.1466346153846154 0.19951923076923078
14 0.37740384615384615 0.7391826923076923 0.29447115384615385 0.19471153846153846
14 0.44471153846153844 0.3605769230769231 0.3245192307692308 0.32091346153846156
14 0.625 0.4951923076923077 0.23798076923076922 0.3161057692307692
14 0.7211538461538461 0.5817307692307693 0.1658653846153846 0.20552884615384615
14 0.7115384615384616 0.17067307692307693 0.5697115384615384 0.22596153846153846
14 0.8112980769230769 0.42427884615384615 0.37740384615384615 0.28966346153846156
14 0.9170673076923077 0.6237980769230769 0.1658653846153846 0.20552884615384615