4 0.32211538461538464 0.31971153846153844 0.36538461538461536 0.19831730769230768
4 0.48677884615384615 0.40625 0.31490384615384615 0.11778846153846154
4 0.765625 0.30649038461538464 0.28966346153846156 0.1778846153846154
4 0.7932692307692307 0.5685096153846154 0.08052884615384616 0.3870192307692308
4 0.7944711538461539 0.46153846153846156 0.21634615384615385 0.12259615384615384
4 0.5829326923076923 0.5516826923076923 0.07451923076923077 0.31971153846153844
4 0.5432692307692307 0.5528846153846154 0.06971153846153846 0.23798076923076922
4 0.49399038461538464 0.5769230769230769 0.04927884615384615 0.25
4 0.44471153846153844 0.5817307692307693 0.06490384615384616 0.3425480769230769
4 0.34375 0.6598557692307693 0.07572115384615384 0.31009615384615385
4 0.27884615384615385 0.6274038461538461 0.055288461538461536 0.22956730769230768
4 0.2247596153846154 0.6201923076923077 0.04927884615384615 0.18389423076923078