10 0.5697115384615384 0.3786057692307692 0.12259615384615384 0.12379807692307693
10 0.4362980769230769 0.8028846153846154 0.3317307692307692 0.26322115384615385
10 0.09495192307692307 0.6057692307692307 0.1310096153846154 0.23197115384615385
10 0.09495192307692307 0.8209134615384616 0.18389423076923078 0.2283653846153846
10 0.9399038461538461 0.6045673076923077 0.1201923076923077 0.17548076923076922
10 0.8509615384615384 0.47475961538461536 0.09134615384615384 0.14543269230769232
10 0.890625 0.2920673076923077 0.09975961538461539 0.13822115384615385
10 0.13822115384615385 0.11057692307692307 0.11177884615384616 0.12860576923076922
9 0.2920673076923077 0.1658653846153846 0.13341346153846154 0.16826923076923078
10 0.2980769230769231 0.32572115384615385 0.14423076923076922 0.14783653846153846
1 0.875 0.04807692307692308 0.08173076923076923 0.09375
9 0.8545673076923077 0.8882211538461539 0.26322115384615385 0.22355769230769232