14 0.3317307692307692 0.7752403846153846 0.24759615384615385 0.29447115384615385
14 0.8701923076923077 0.6105769230769231 0.19831730769230768 0.16466346153846154
14 0.6899038461538461 0.5216346153846154 0.15985576923076922 0.15865384615384615
14 0.609375 0.42908653846153844 0.13341346153846154 0.1201923076923077
14 0.48197115384615385 0.546875 0.22596153846153846 0.17548076923076922
14 0.27163461538461536 0.5697115384615384 0.22596153846153846 0.11298076923076923
14 0.10697115384615384 0.5817307692307693 0.14182692307692307 0.12980769230769232
14 0.140625 0.42908653846153844 0.11057692307692307 0.07692307692307693
14 0.1971153846153846 0.47836538461538464 0.10817307692307693 0.08533653846153846
14 0.30528846153846156 0.46153846153846156 0.12259615384615384 0.08533653846153846
14 0.30408653846153844 0.3942307692307692 0.11298076923076923 0.09134615384615384
14 0.38822115384615385 0.3954326923076923 0.06370192307692307 0.046875
14 0.48677884615384615 0.34975961538461536 0.11899038461538461 0.07091346153846154
14 0.45552884615384615 0.40865384615384615 0.09735576923076923 0.06610576923076923
14 0.6862980769230769 0.3473557692307692 0.08533653846153846 0.0625
14 0.7680288461538461 0.3317307692307692 0.08052884615384616 0.09375
14 0.8701923076923077 0.4855769230769231 0.12860576923076922 0.1346153846153846
14 0.9651442307692307 0.4987980769230769 0.0673076923076923 0.0829326923076923
14 0.8942307692307693 0.3894230769230769 0.09735576923076923 0.06610576923076923
14 0.8533653846153846 0.35336538461538464 0.054086538461538464 0.036057692307692304
14 0.5637019230769231 0.28846153846153844 0.0625 0.046875
14 0.2127403846153846 0.3701923076923077 0.06971153846153846 0.0625
14 0.056490384615384616 0.45072115384615385 0.07572115384615384 0.04326923076923077