4 0.20673076923076922 0.4338942307692308 0.0889423076923077 0.3942307692307692
4 0.23677884615384615 0.6971153846153846 0.2932692307692308 0.18509615384615385
4 0.20432692307692307 0.5408653846153846 0.22596153846153846 0.11899038461538461
4 0.5144230769230769 0.5925480769230769 0.31971153846153844 0.11298076923076923
4 0.41586538461538464 0.4483173076923077 0.07572115384615384 0.3125
4 0.6778846153846154 0.6814903846153846 0.3545673076923077 0.19951923076923078
4 0.46634615384615385 0.4362980769230769 0.051682692307692304 0.21514423076923078
4 0.5108173076923077 0.421875 0.04326923076923077 0.24759615384615385
4 0.5552884615384616 0.41586538461538464 0.07572115384615384 0.3233173076923077
4 0.6586538461538461 0.3389423076923077 0.07572115384615384 0.3233173076923077
4 0.7259615384615384 0.3737980769230769 0.05048076923076923 0.22596153846153846
4 0.7752403846153846 0.38221153846153844 0.04807692307692308 0.18389423076923078