10 0.8112980769230769 0.23317307692307693 0.3161057692307692 0.11057692307692307
10 0.9290865384615384 0.3798076923076923 0.14182692307692307 0.1466346153846154
10 0.6935096153846154 0.39783653846153844 0.10697115384615384 0.057692307692307696
10 0.7403846153846154 0.43149038461538464 0.07572115384615384 0.052884615384615384
10 0.8064903846153846 0.43509615384615385 0.09375 0.11538461538461539
10 0.8846153846153846 0.49158653846153844 0.125 0.13822115384615385
10 0.8689903846153846 0.5805288461538461 0.19951923076923078 0.04927884615384615
10 0.7980769230769231 0.6598557692307693 0.07572115384615384 0.07572115384615384
10 0.7115384615384616 0.48197115384615385 0.125 0.057692307692307696
10 0.6021634615384616 0.4375 0.1466346153846154 0.04927884615384615
10 0.46634615384615385 0.42908653846153844 0.0625 0.06610576923076923
10 0.36658653846153844 0.4579326923076923 0.1466346153846154 0.10697115384615384
10 0.2620192307692308 0.33533653846153844 0.25721153846153844 0.1201923076923077
10 0.39783653846153844 0.2403846153846154 0.09375 0.19591346153846154
10 0.042067307692307696 0.19591346153846154 0.07572115384615384 0.2403846153846154
10 0.07091346153846154 0.3485576923076923 0.11538461538461539 0.15504807692307693
10 0.15745192307692307 0.4423076923076923 0.13822115384615385 0.07572115384615384
10 0.15985576923076922 0.5 0.0625 0.04927884615384615
10 0.7379807692307693 0.7752403846153846 0.15985576923076922 0.07572115384615384
10 0.8894230769230769 0.8401442307692307 0.10697115384615384 0.13341346153846154
10 0.453125 0.7596153846153846 0.11538461538461539 0.0625
10 0.3173076923076923 0.8004807692307693 0.12860576923076922 0.04447115384615385
10 0.27163461538461536 0.8161057692307693 0.125 0.03125
10 0.36177884615384615 0.8713942307692307 0.15504807692307693 0.04447115384615385
10 0.23076923076923078 0.8713942307692307 0.15144230769230768 0.08052884615384616
10 0.7127403846153846 0.90625 0.12860576923076922 0.07091346153846154
10 0.6045673076923077 0.9447115384615384 0.14182692307692307 0.11057692307692307
10 0.24879807692307693 0.9579326923076923 0.13341346153846154 0.08413461538461539
10 0.03365384615384615 0.8197115384615384 0.057692307692307696 0.08413461538461539
10 0.12379807692307693 0.9771634615384616 0.16105769230769232 0.04567307692307692