4 0.22716346153846154 0.3786057692307692 0.05048076923076923 0.18389423076923078
4 0.2764423076923077 0.375 0.06009615384615385 0.21153846153846154
4 0.3425480769230769 0.3425480769230769 0.07692307692307693 0.30288461538461536
4 0.4519230769230769 0.4110576923076923 0.07692307692307693 0.328125
4 0.4951923076923077 0.41947115384615385 0.039663461538461536 0.24639423076923078
4 0.5372596153846154 0.4387019230769231 0.051682692307692304 0.20793269230769232
4 0.5829326923076923 0.44471153846153844 0.07451923076923077 0.3088942307692308
4 0.48677884615384615 0.5949519230769231 0.3137019230769231 0.11057692307692307
4 0.7644230769230769 0.6935096153846154 0.28846153846153844 0.18269230769230768
4 0.7920673076923077 0.4338942307692308 0.09134615384615384 0.3870192307692308
4 0.796875 0.5420673076923077 0.21754807692307693 0.11538461538461539
4 0.31971153846153844 0.6814903846153846 0.3629807692307692 0.20432692307692307