14 0.6346153846153846 0.6033653846153846 0.1971153846153846 0.21634615384615385
14 0.5612980769230769 0.8449519230769231 0.2283653846153846 0.25721153846153844
14 0.796875 0.9074519230769231 0.328125 0.18509615384615385
14 0.8882211538461539 0.71875 0.22355769230769232 0.19110576923076922
14 0.9326923076923077 0.53125 0.1346153846153846 0.17548076923076922
14 0.8858173076923077 0.12860576923076922 0.2283653846153846 0.20673076923076922
14 0.8377403846153846 0.2608173076923077 0.13942307692307693 0.09735576923076923
14 0.9399038461538461 0.2704326923076923 0.1201923076923077 0.13942307692307693
14 0.41947115384615385 0.6550480769230769 0.23557692307692307 0.22716346153846154
14 0.22355769230769232 0.8425480769230769 0.1778846153846154 0.23197115384615385
14 0.09495192307692307 0.47115384615384615 0.1814903846153846 0.21153846153846154
14 0.1658653846153846 0.29927884615384615 0.1310096153846154 0.18509615384615385
14 0.06129807692307692 0.28365384615384615 0.11538461538461539 0.24759615384615385
14 0.21394230769230768 0.48197115384615385 0.1658653846153846 0.19110576923076922
14 0.06370192307692307 0.7271634615384616 0.1201923076923077 0.22716346153846154
14 0.09014423076923077 0.9254807692307693 0.1658653846153846 0.14903846153846154
8 0.3473557692307692 0.8509615384615384 0.10817307692307693 0.27884615384615385
8 0.5372596153846154 0.49278846153846156 0.11538461538461539 0.17067307692307693