14 0.6826923076923077 0.7295673076923077 0.23557692307692307 0.36778846153846156
14 0.9110576923076923 0.8100961538461539 0.1778846153846154 0.34375
14 0.8401442307692307 0.9230769230769231 0.2932692307692308 0.15384615384615385
14 0.5252403846153846 0.9050480769230769 0.296875 0.18990384615384615
14 0.34375 0.7764423076923077 0.22235576923076922 0.3004807692307692
14 0.5228365384615384 0.7091346153846154 0.13581730769230768 0.23918269230769232
14 0.4098557692307692 0.5853365384615384 0.16105769230769232 0.1658653846153846
14 0.06610576923076923 0.5853365384615384 0.12620192307692307 0.1778846153846154
14 0.203125 0.5336538461538461 0.14182692307692307 0.12259615384615384
14 0.18389423076923078 0.4074519230769231 0.08413461538461539 0.12860576923076922
14 0.25841346153846156 0.5949519230769231 0.14783653846153846 0.0985576923076923
14 0.33653846153846156 0.49038461538461536 0.14543269230769232 0.14783653846153846
14 0.46153846153846156 0.4543269230769231 0.07692307692307693 0.0985576923076923
14 0.546875 0.4206730769230769 0.08653846153846154 0.07932692307692307
14 0.5757211538461539 0.515625 0.14543269230769232 0.11057692307692307
14 0.7019230769230769 0.46875 0.13221153846153846 0.12860576923076922
14 0.7596153846153846 0.53125 0.15865384615384615 0.140625
14 0.90625 0.5216346153846154 0.14182692307692307 0.1346153846153846
14 0.8245192307692307 0.4170673076923077 0.10697115384615384 0.08533653846153846
14 0.40625 0.3713942307692308 0.14783653846153846 0.0673076923076923