8 0.7163461538461539 0.10096153846153846 0.057692307692307696 0.19110576923076922
8 0.4362980769230769 0.11057692307692307 0.06971153846153846 0.20072115384615385
14 0.7379807692307693 0.27884615384615385 0.23197115384615385 0.17548076923076922
14 0.7163461538461539 0.3557692307692308 0.2127403846153846 0.09254807692307693
14 0.7319711538461539 0.484375 0.21995192307692307 0.24759615384615385
14 0.6935096153846154 0.5793269230769231 0.1658653846153846 0.31490384615384615
14 0.5120192307692307 0.6081730769230769 0.25841346153846156 0.35096153846153844
14 0.4230769230769231 0.5048076923076923 0.34375 0.38100961538461536
14 0.3918269230769231 0.3016826923076923 0.23557692307692307 0.22115384615384615
14 0.19831730769230768 0.8401442307692307 0.23557692307692307 0.21634615384615385
14 0.8125 0.796875 0.2668269230769231 0.2932692307692308
14 0.9423076923076923 0.6574519230769231 0.10817307692307693 0.20072115384615385
14 0.12740384615384615 0.6887019230769231 0.21634615384615385 0.14903846153846154
14 0.05048076923076923 0.5769230769230769 0.08533653846153846 0.10336538461538461
14 0.15865384615384615 0.49278846153846156 0.18509615384615385 0.17067307692307693