10 0.5588942307692307 0.21033653846153846 0.34375 0.3016826923076923
10 0.90625 0.18028846153846154 0.18629807692307693 0.19951923076923078
10 0.8882211538461539 0.3954326923076923 0.171875 0.20552884615384615
10 0.7079326923076923 0.6923076923076923 0.1346153846153846 0.19110576923076922
10 0.42908653846153844 0.6021634615384616 0.12620192307692307 0.13221153846153846
10 0.15144230769230768 0.5372596153846154 0.11298076923076923 0.15504807692307693
10 0.055288461538461536 0.3894230769230769 0.109375 0.15384615384615385
1 0.12740384615384615 0.9639423076923077 0.0733173076923077 0.06850961538461539
9 0.7175480769230769 0.8221153846153846 0.171875 0.21153846153846154
9 0.14543269230769232 0.1045673076923077 0.25600961538461536 0.19471153846153846
10 0.8473557692307693 0.8846153846153846 0.11658653846153846 0.12980769230769232
10 0.11899038461538461 0.7139423076923077 0.09975961538461539 0.14543269230769232