14 0.7487980769230769 0.5817307692307693 0.4411057692307692 0.47836538461538464
14 0.4375 0.6634615384615384 0.25600961538461536 0.30528846153846156
14 0.28846153846153844 0.6370192307692307 0.1622596153846154 0.17908653846153846
14 0.05889423076923077 0.7524038461538461 0.109375 0.29447115384615385
14 0.15264423076923078 0.6947115384615384 0.13221153846153846 0.16826923076923078
14 0.6526442307692307 0.36538461538461536 0.2644230769230769 0.15264423076923078
14 0.6598557692307693 0.25841346153846156 0.14302884615384615 0.08413461538461539
14 0.5072115384615384 0.453125 0.11658653846153846 0.11538461538461539
14 0.3942307692307692 0.47836538461538464 0.1778846153846154 0.09495192307692307
14 0.5024038461538461 0.3557692307692308 0.10576923076923077 0.09975961538461539
14 0.43990384615384615 0.39783653846153844 0.09375 0.0889423076923077
14 0.24158653846153846 0.5048076923076923 0.18870192307692307 0.11538461538461539