10 0.7355769230769231 0.6646634615384616 0.27163461538461536 0.10216346153846154
10 0.9266826923076923 0.6418269230769231 0.13822115384615385 0.15504807692307693
10 0.8533653846153846 0.5552884615384616 0.14182692307692307 0.08052884615384616
10 0.7908653846153846 0.5865384615384616 0.10697115384615384 0.07091346153846154
10 0.6286057692307693 0.5661057692307693 0.12860576923076922 0.057692307692307696
10 0.6694711538461539 0.546875 0.1201923076923077 0.11538461538461539
10 0.5360576923076923 0.5600961538461539 0.07572115384615384 0.052884615384615384
10 0.4110576923076923 0.5625 0.11057692307692307 0.039663461538461536
10 0.4951923076923077 0.59375 0.12860576923076922 0.08413461538461539
10 0.5841346153846154 0.7668269230769231 0.1466346153846154 0.19951923076923078
10 0.9579326923076923 0.8221153846153846 0.06610576923076923 0.2848557692307692
10 0.18870192307692307 0.7512019230769231 0.2536057692307692 0.08052884615384616
10 0.078125 0.6670673076923077 0.1466346153846154 0.04447115384615385
10 0.0625 0.5841346153846154 0.11538461538461539 0.1201923076923077
10 0.109375 0.49759615384615385 0.10216346153846154 0.125
10 0.17548076923076922 0.5528846153846154 0.10216346153846154 0.1466346153846154
10 0.28846153846153844 0.5 0.125 0.06610576923076923
10 0.28725961538461536 0.5913461538461539 0.10216346153846154 0.08052884615384616
10 0.13581730769230768 0.40865384615384615 0.16466346153846154 0.0625
10 0.2127403846153846 0.3293269230769231 0.0889423076923077 0.08052884615384616
10 0.9639423076923077 0.44471153846153844 0.07091346153846154 0.052884615384615384
10 0.7512019230769231 0.1310096153846154 0.09735576923076923 0.09375
10 0.9639423076923077 0.17307692307692307 0.07091346153846154 0.07091346153846154
10 0.6466346153846154 0.1310096153846154 0.12860576923076922 0.039663461538461536
10 0.6021634615384616 0.15745192307692307 0.12860576923076922 0.04927884615384615
10 0.6826923076923077 0.20673076923076922 0.12860576923076922 0.04927884615384615
10 0.29086538461538464 0.09134615384615384 0.1466346153846154 0.06610576923076923
10 0.27524038461538464 0.21754807692307693 0.18629807692307693 0.07091346153846154
10 0.12860576923076922 0.15144230769230768 0.13341346153846154 0.15144230769230768
10 0.16706730769230768 0.23076923076923078 0.12860576923076922 0.04447115384615385
10 0.5552884615384616 0.23557692307692307 0.0889423076923077 0.04447115384615385